nSegments = 1165

0.102733,0.100241;0.102458,0.100039
0.102733,0.100241;0.103295,0.100625
0.101192,0.099660;0.102458,0.100039
0.103551,0.101014;0.103295,0.100625
0.099869,0.099004;0.100662,0.099508
0.099113,0.098516;0.099587,0.098828
0.099113,0.098516;0.098865,0.098355
0.099869,0.099004;0.099587,0.098828
0.101192,0.099660;0.100662,0.099508
0.104051,0.105747;0.104255,0.105120
0.104326,0.104859;0.104535,0.104219
0.104326,0.104859;0.104255,0.105120
0.103551,0.101014;0.104255,0.101970
0.104320,0.102111;0.104478,0.102422
0.104320,0.102111;0.104255,0.101970
0.104484,0.102952;0.104535,0.104219
0.104484,0.102952;0.104478,0.102422
0.101076,0.110456;0.102021,0.109609
0.102137,0.109459;0.102458,0.109033
0.102137,0.109459;0.102021,0.109609
0.099020,0.111528;0.099333,0.111406
0.099707,0.111253;0.100662,0.110834
0.099707,0.111253;0.099333,0.111406
0.099020,0.111528;0.098865,0.111588
0.101076,0.110456;0.100662,0.110834
0.102708,0.108653;0.103212,0.107813
0.103212,0.107813;0.103770,0.106546
0.104051,0.105747;0.103978,0.106016
0.103978,0.106016;0.103770,0.106546
0.102708,0.108653;0.102458,0.109033
0.089645,0.104300;0.089880,0.104494
0.088866,0.102952;0.089547,0.104219
0.091228,0.106215;0.091677,0.106691
0.090223,0.104943;0.091040,0.106016
0.089645,0.104300;0.089547,0.104219
0.090223,0.104943;0.089880,0.104494
0.091945,0.107022;0.092585,0.107813
0.091945,0.107022;0.091677,0.106691
0.091228,0.106215;0.091040,0.106016
0.094613,0.109898;0.095271,0.110379
0.097068,0.111443;0.096995,0.111406
0.096995,0.111406;0.095720,0.110621
0.095720,0.110621;0.095271,0.110379
0.097640,0.111466;0.098865,0.111588
0.097068,0.111443;0.097110,0.111447
0.097640,0.111466;0.097110,0.111447
0.092848,0.108111;0.093474,0.108823
0.092848,0.108111;0.092585,0.107813
0.093678,0.109055;0.094286,0.109609
0.093678,0.109055;0.093474,0.108823
0.094613,0.109898;0.094286,0.109609
0.093834,0.089844;0.093590,0.088577
0.093590,0.088577;0.093484,0.088047
0.093484,0.088047;0.093474,0.087985
0.093474,0.087985;0.093346,0.087390
0.093346,0.087390;0.093112,0.086250
0.092879,0.084983;0.093112,0.086250
0.092879,0.084983;0.092792,0.084453
0.093979,0.090374;0.093834,0.089844
0.086563,0.099536;0.087223,0.100625
0.087477,0.100927;0.088083,0.101647
0.087477,0.100927;0.087223,0.100625
0.088230,0.101876;0.088581,0.102422
0.084924,0.097562;0.085146,0.098828
0.085271,0.098902;0.086287,0.099079
0.086563,0.099536;0.086287,0.099079
0.085271,0.098902;0.085146,0.098828
0.096277,0.095765;0.096720,0.097031
0.096277,0.095765;0.096037,0.095234
0.096819,0.097123;0.097068,0.097358
0.097598,0.097635;0.098865,0.098355
0.097598,0.097635;0.097068,0.097358
0.096819,0.097123;0.096720,0.097031
0.093979,0.090374;0.094303,0.091641
0.094563,0.092171;0.095009,0.093438
0.094563,0.092171;0.094303,0.091641
0.095036,0.093501;0.095271,0.093896
0.095036,0.093501;0.095009,0.093438
0.095463,0.094363;0.096037,0.095234
0.095463,0.094363;0.095271,0.093896
0.088866,0.102952;0.088581,0.102422
0.088230,0.101876;0.088083,0.101647
0.104439,0.123870;0.104826,0.123654
0.104826,0.123654;0.106052,0.122998
0.106583,0.123092;0.107849,0.123208
0.106583,0.123092;0.106052,0.122998
0.108189,0.123444;0.109066,0.123984
0.108189,0.123444;0.107849,0.123208
0.109256,0.124132;0.109066,0.123984
0.104439,0.123870;0.104255,0.123969
0.104255,0.123969;0.104238,0.123984
0.104238,0.123984;0.104072,0.124164
0.104072,0.124164;0.102458,0.125736
0.101139,0.126260;0.102278,0.125781
0.102332,0.125768;0.102458,0.125736
0.102332,0.125768;0.102278,0.125781
0.101139,0.126260;0.100662,0.126460
0.109256,0.124132;0.109646,0.124400
0.110025,0.124783;0.111076,0.125781
0.110025,0.124783;0.109646,0.124400
0.111227,0.126009;0.111443,0.126328
0.111227,0.126009;0.111076,0.125781
0.111642,0.126630;0.112242,0.127578
0.111642,0.126630;0.111443,0.126328
0.112281,0.128108;0.112292,0.129375
0.112292,0.129375;0.112161,0.129905
0.111550,0.131767;0.111749,0.131172
0.111749,0.131172;0.112161,0.129905
0.112281,0.128108;0.112242,0.127578
0.097530,0.127497;0.097356,0.127578
0.097356,0.127578;0.097068,0.127753
0.097068,0.127753;0.096629,0.127578
0.096629,0.127578;0.096605,0.127572
0.096605,0.127572;0.095271,0.127543
0.090411,0.126891;0.091677,0.126350
0.092208,0.126621;0.093474,0.126686
0.092208,0.126621;0.091677,0.126350
0.094004,0.126827;0.095271,0.127543
0.094004,0.126827;0.093474,0.126686
0.097530,0.127497;0.097598,0.127468
0.097598,0.127468;0.098865,0.127453
0.099395,0.127216;0.100662,0.126460
0.099395,0.127216;0.098865,0.127453
0.087682,0.129151;0.088083,0.128635
0.087682,0.129151;0.087514,0.129375
0.087514,0.129375;0.087197,0.129905
0.086331,0.131408;0.086439,0.131172
0.086439,0.131172;0.087197,0.129905
0.086331,0.131408;0.086287,0.131469
0.084331,0.134666;0.084490,0.134428
0.084331,0.134666;0.084265,0.134766
0.084265,0.134766;0.083934,0.135296
0.084757,0.133997;0.084490,0.134428
0.084757,0.133997;0.085569,0.132969
0.085833,0.132499;0.086287,0.131469
0.085833,0.132499;0.085569,0.132969
0.089443,0.127361;0.089880,0.127092
0.088348,0.128329;0.089177,0.127578
0.090411,0.126891;0.089880,0.127092
0.089443,0.127361;0.089177,0.127578
0.088348,0.128329;0.088083,0.128635
0.064492,0.145547;0.064587,0.145556
0.064587,0.145556;0.064724,0.145573
0.064724,0.145573;0.066176,0.145612
0.066176,0.145612;0.066521,0.145625
0.064492,0.145547;0.063267,0.145397
0.063267,0.145397;0.062927,0.145404
0.062927,0.145404;0.062501,0.145324
0.079365,0.140648;0.080000,0.140156
0.080265,0.139911;0.080896,0.139327
0.080265,0.139911;0.080000,0.140156
0.081213,0.139041;0.080896,0.139327
0.077378,0.142076;0.077559,0.141953
0.078014,0.141629;0.077559,0.141953
0.078014,0.141629;0.079099,0.140854
0.079365,0.140648;0.079099,0.140854
0.082826,0.137020;0.083145,0.136563
0.083145,0.136563;0.083934,0.135296
0.082826,0.137020;0.082693,0.137212
0.081213,0.139041;0.081970,0.138359
0.082183,0.138021;0.082693,0.137212
0.082183,0.138021;0.081970,0.138359
0.072442,0.144759;0.073708,0.144178
0.073846,0.144087;0.074309,0.143750
0.073846,0.144087;0.073708,0.144178
0.076036,0.142929;0.077302,0.142127
0.074702,0.143604;0.075505,0.143263
0.074702,0.143604;0.074309,0.143750
0.076036,0.142929;0.075505,0.143263
0.077378,0.142076;0.077302,0.142127
0.070359,0.145378;0.070973,0.145180
0.070973,0.145180;0.071912,0.144832
0.070359,0.145378;0.070115,0.145388
0.072442,0.144759;0.071912,0.144832
0.068191,0.145576;0.068318,0.145572
0.068620,0.145547;0.070115,0.145388
0.068620,0.145547;0.068318,0.145572
0.068191,0.145576;0.066521,0.145625
0.116874,0.177975;0.116922,0.177891
0.116922,0.177891;0.117333,0.176624
0.117540,0.176094;0.117333,0.176624
0.117540,0.176094;0.118292,0.174827
0.118626,0.174297;0.118575,0.174367
0.118575,0.174367;0.118292,0.174827
0.121355,0.170699;0.122224,0.170156
0.120948,0.170954;0.121345,0.170703
0.118959,0.173687;0.119617,0.172500
0.119819,0.172156;0.120427,0.171139
0.119819,0.172156;0.119617,0.172500
0.121355,0.170699;0.121345,0.170703
0.120948,0.170954;0.120427,0.171139
0.118626,0.174297;0.118630,0.174291
0.118630,0.174291;0.118671,0.174217
0.118959,0.173687;0.118671,0.174217
0.116874,0.177975;0.116833,0.178045
0.116157,0.179227;0.116833,0.178045
0.116157,0.179227;0.115874,0.179688
0.125458,0.151106;0.125818,0.151376
0.127852,0.155062;0.127791,0.154531
0.125458,0.151106;0.125258,0.150938
0.126126,0.151737;0.127010,0.152734
0.126126,0.151737;0.125818,0.151376
0.127638,0.154163;0.127791,0.154531
0.127232,0.153215;0.127615,0.154113
0.127232,0.153215;0.127010,0.152734
0.127638,0.154163;0.127615,0.154113
0.127852,0.155062;0.127958,0.156328
0.127358,0.159341;0.127615,0.158364
0.127615,0.158364;0.127680,0.158125
0.127680,0.158125;0.127863,0.156909
0.127863,0.156909;0.127958,0.156328
0.127358,0.159341;0.127344,0.159392
0.127344,0.159392;0.127187,0.159922
0.127187,0.159922;0.126991,0.160452
0.125992,0.162793;0.126559,0.161719
0.126559,0.161719;0.126991,0.160452
0.125082,0.165313;0.125519,0.164046
0.125992,0.162793;0.125818,0.163139
0.125742,0.163331;0.125818,0.163139
0.125742,0.163331;0.125678,0.163516
0.125678,0.163516;0.125519,0.164046
0.124647,0.167109;0.124959,0.165843
0.125082,0.165313;0.124959,0.165843
0.124522,0.167640;0.124221,0.168906
0.124221,0.168906;0.124081,0.169350
0.124081,0.169350;0.124021,0.169536
0.122754,0.169815;0.124021,0.169536
0.122754,0.169815;0.122224,0.170156
0.124647,0.167109;0.124522,0.167640
0.119161,0.148375;0.120427,0.148680
0.120815,0.148773;0.121819,0.149141
0.120815,0.148773;0.120427,0.148680
0.119161,0.148375;0.118630,0.148337
0.121961,0.149175;0.122224,0.149278
0.121961,0.149175;0.121819,0.149141
0.124351,0.150353;0.125258,0.150938
0.122754,0.149537;0.124021,0.150117
0.122754,0.149537;0.122224,0.149278
0.124351,0.150353;0.124021,0.150117
0.115429,0.147638;0.115722,0.147741
0.115722,0.147741;0.116833,0.148109
0.115429,0.147638;0.115037,0.147551
0.115037,0.147551;0.114683,0.147344
0.117364,0.148112;0.118630,0.148337
0.117364,0.148112;0.116833,0.148109
0.113278,0.145939;0.114683,0.147344
0.113278,0.145939;0.113240,0.145901
0.113240,0.145901;0.113062,0.145547
0.113062,0.145547;0.113008,0.145154
0.113008,0.145154;0.112830,0.143750
0.111114,0.134766;0.111113,0.135296
0.111113,0.135296;0.111137,0.136563
0.111153,0.137093;0.111137,0.136563
0.111114,0.134766;0.111166,0.133499
0.111241,0.132796;0.111443,0.132125
0.111550,0.131767;0.111443,0.132125
0.111241,0.132796;0.111194,0.132969
0.111194,0.132969;0.111166,0.133499
0.111153,0.137093;0.111223,0.138359
0.111269,0.138890;0.111428,0.140156
0.111269,0.138890;0.111223,0.138359
0.111442,0.140309;0.111443,0.140313
0.111442,0.140309;0.111428,0.140156
0.111486,0.140690;0.111443,0.140313
0.111486,0.140690;0.111695,0.141953
0.111869,0.142483;0.112830,0.143750
0.111869,0.142483;0.111695,0.141953
0.059864,0.145034;0.061130,0.145175
0.061661,0.145216;0.062501,0.145324
0.061661,0.145216;0.061130,0.145175
0.058067,0.144781;0.059333,0.144981
0.059864,0.145034;0.059333,0.144981
0.051843,0.120391;0.051583,0.120536
0.051583,0.120536;0.051053,0.120797
0.051843,0.120391;0.052146,0.120225
0.052146,0.120225;0.052424,0.120083
0.049083,0.121840;0.050349,0.121185
0.050349,0.121185;0.051053,0.120797
0.048395,0.122188;0.048552,0.122108
0.048552,0.122108;0.048839,0.121965
0.045489,0.123551;0.046755,0.123003
0.046755,0.123003;0.047579,0.122573
0.048395,0.122188;0.048109,0.122338
0.048109,0.122338;0.047579,0.122573
0.049083,0.121840;0.048839,0.121965
0.044151,0.123984;0.044958,0.123754
0.044958,0.123754;0.045112,0.123695
0.044151,0.123984;0.043944,0.124047
0.043944,0.124047;0.043414,0.124218
0.045489,0.123551;0.045112,0.123695
0.041895,0.124663;0.043162,0.124297
0.043162,0.124297;0.043414,0.124218
0.041895,0.124663;0.041365,0.124796
0.070161,0.109648;0.070204,0.109609
0.070204,0.109609;0.071242,0.108343
0.068848,0.110670;0.070115,0.109689
0.068848,0.110670;0.068318,0.111075
0.070161,0.109648;0.070115,0.109689
0.071726,0.107543;0.071679,0.107813
0.071679,0.107813;0.071242,0.108343
0.071726,0.107543;0.071912,0.106455
0.071964,0.106194;0.071912,0.106455
0.065047,0.113585;0.065560,0.113203
0.066949,0.112135;0.067897,0.111406
0.065768,0.113033;0.066521,0.112495
0.066949,0.112135;0.066521,0.112495
0.067999,0.111322;0.068318,0.111075
0.067999,0.111322;0.067897,0.111406
0.071928,0.103572;0.072288,0.102422
0.072288,0.102422;0.072472,0.101155
0.071964,0.105172;0.072002,0.106016
0.071964,0.106194;0.072002,0.106016
0.071887,0.103716;0.071912,0.103600
0.071887,0.104560;0.071912,0.104983
0.071887,0.104560;0.071791,0.104219
0.071964,0.105172;0.071912,0.104983
0.072986,0.100111;0.072472,0.100625
0.072472,0.100625;0.072472,0.101155
0.071928,0.103572;0.071912,0.103600
0.071887,0.103716;0.071791,0.104219
0.074623,0.099207;0.073757,0.099372
0.073757,0.099372;0.073708,0.099388
0.072986,0.100111;0.073708,0.099388
0.079607,0.096448;0.080821,0.095234
0.074623,0.099207;0.075505,0.099079
0.075505,0.099079;0.076307,0.098828
0.076307,0.098828;0.076361,0.097946
0.076361,0.097946;0.077215,0.097031
0.077833,0.096956;0.079099,0.096956
0.077263,0.097009;0.077302,0.096956
0.079607,0.096448;0.079099,0.096956
0.077833,0.096956;0.077302,0.096956
0.077263,0.097009;0.077215,0.097031
0.083223,0.096956;0.084490,0.096956
0.083223,0.096956;0.082693,0.096956
0.084502,0.096978;0.084531,0.097031
0.084502,0.096978;0.084490,0.096956
0.084924,0.097562;0.084531,0.097031
0.081479,0.095743;0.082693,0.096956
0.081479,0.095743;0.080971,0.095234
0.080918,0.095182;0.080971,0.095234
0.080843,0.095219;0.080896,0.095166
0.080918,0.095182;0.080896,0.095166
0.080843,0.095219;0.080821,0.095234
0.059864,0.116640;0.061130,0.116038
0.061130,0.116038;0.062241,0.115424
0.062951,0.115000;0.063073,0.114909
0.062951,0.115000;0.062927,0.115017
0.062927,0.115017;0.062771,0.115105
0.062771,0.115105;0.062241,0.115424
0.063458,0.114638;0.064724,0.113844
0.065768,0.113033;0.065560,0.113203
0.065047,0.113585;0.064724,0.113844
0.063458,0.114638;0.063073,0.114909
0.055636,0.118594;0.055740,0.118545
0.055740,0.118545;0.056083,0.118382
0.058691,0.117239;0.057537,0.117730
0.057537,0.117730;0.056270,0.118293
0.056270,0.118293;0.056083,0.118382
0.052676,0.119955;0.053943,0.119397
0.053943,0.119397;0.054762,0.118995
0.055636,0.118594;0.055293,0.118762
0.055293,0.118762;0.054762,0.118995
0.059864,0.116640;0.059677,0.116746
0.059597,0.116797;0.059677,0.116746
0.059597,0.116797;0.059333,0.116946
0.059333,0.116946;0.059222,0.116991
0.059222,0.116991;0.058691,0.117239
0.052676,0.119955;0.052424,0.120083
0.017983,0.115682;0.018005,0.115719
0.018005,0.115719;0.018700,0.116797
0.018700,0.116797;0.019104,0.117327
0.017983,0.115682;0.017885,0.115530
0.017885,0.115530;0.017571,0.115000
0.019528,0.117866;0.019104,0.117327
0.019528,0.117866;0.019802,0.118222
0.019802,0.118222;0.020115,0.118594
0.020115,0.118594;0.020648,0.119124
0.024407,0.122239;0.024334,0.122188
0.024334,0.122188;0.023396,0.121520
0.023396,0.121520;0.022766,0.121013
0.022766,0.121013;0.022644,0.120921
0.024938,0.122549;0.025193,0.122729
0.024938,0.122549;0.024407,0.122239
0.022644,0.120921;0.021939,0.120391
0.021939,0.120391;0.021599,0.120077
0.021599,0.120077;0.021180,0.119657
0.021180,0.119657;0.020648,0.119124
0.028437,0.124238;0.028787,0.124384
0.025955,0.123096;0.026990,0.123662
0.026990,0.123662;0.027739,0.123984
0.027739,0.123984;0.027906,0.124060
0.028437,0.124238;0.027906,0.124060
0.025955,0.123096;0.025562,0.122898
0.025562,0.122898;0.025193,0.122729
0.031114,0.124978;0.032380,0.125252
0.033109,0.125367;0.032626,0.125290
0.032626,0.125290;0.032380,0.125252
0.033109,0.125367;0.034177,0.125527
0.031114,0.124978;0.030583,0.124872
0.029317,0.124516;0.030583,0.124872
0.029317,0.124516;0.028787,0.124384
0.025078,0.134766;0.025193,0.134849
0.025193,0.134849;0.025723,0.135167
0.025723,0.135167;0.026990,0.136065
0.027867,0.136706;0.028787,0.137390
0.027313,0.136292;0.027660,0.136563
0.027313,0.136292;0.026990,0.136065
0.027867,0.136706;0.027660,0.136563
0.035042,0.125559;0.035974,0.125588
0.035974,0.125588;0.036622,0.125543
0.036622,0.125543;0.037771,0.125461
0.037771,0.125461;0.037967,0.125428
0.038301,0.125376;0.039568,0.125184
0.040098,0.125073;0.041365,0.124796
0.038301,0.125376;0.037967,0.125428
0.040098,0.125073;0.039568,0.125184
0.035042,0.125559;0.034177,0.125527
0.017886,0.127388;0.016279,0.125781
0.016018,0.125718;0.016208,0.125734
0.016208,0.125734;0.016279,0.125781
0.017886,0.127388;0.018005,0.127514
0.018005,0.127514;0.018048,0.127578
0.018048,0.127578;0.018333,0.128108
0.018333,0.128108;0.018930,0.129375
0.019415,0.129883;0.019802,0.130409
0.019415,0.129883;0.018930,0.129375
0.009109,0.123984;0.009111,0.123166
0.009111,0.123166;0.009133,0.122188
0.009133,0.122188;0.009174,0.121162
0.009174,0.121162;0.009206,0.120391
0.009206,0.120391;0.009246,0.119148
0.009246,0.119148;0.009268,0.118594
0.016018,0.125718;0.014412,0.125577
0.013935,0.125781;0.013423,0.126075
0.013935,0.125781;0.014412,0.125577
0.013145,0.126203;0.013423,0.126075
0.010366,0.126353;0.010818,0.126604
0.010818,0.126604;0.011348,0.126564
0.011348,0.126564;0.012615,0.126434
0.013145,0.126203;0.012615,0.126434
0.010366,0.126353;0.009811,0.125781
0.009109,0.123984;0.009155,0.124529
0.009155,0.124529;0.009811,0.125781
0.013085,0.146077;0.012958,0.145547
0.013085,0.146077;0.013440,0.147344
0.013538,0.147874;0.013440,0.147344
0.013538,0.147874;0.013806,0.149141
0.013900,0.149671;0.013806,0.149141
0.021268,0.143220;0.020196,0.141953
0.020196,0.141953;0.020046,0.141785
0.021733,0.143750;0.021599,0.143606
0.021599,0.143606;0.021554,0.143554
0.021554,0.143554;0.021268,0.143220
0.020046,0.141785;0.019802,0.141498
0.019823,0.130431;0.020383,0.131172
0.019823,0.130431;0.019802,0.130409
0.013145,0.135484;0.014412,0.135999
0.013145,0.135484;0.012615,0.135271
0.015230,0.136755;0.016208,0.137720
0.014747,0.136303;0.015035,0.136563
0.015230,0.136755;0.015035,0.136563
0.014747,0.136303;0.014412,0.135999
0.021767,0.132389;0.022452,0.132969
0.020892,0.131583;0.021599,0.132270
0.020892,0.131583;0.020383,0.131172
0.021767,0.132389;0.021599,0.132270
0.022815,0.133191;0.023396,0.133624
0.023926,0.133917;0.025058,0.134750
0.023926,0.133917;0.023396,0.133624
0.025078,0.134766;0.025058,0.134750
0.022815,0.133191;0.022452,0.132969
0.011407,0.138890;0.011310,0.138359
0.011310,0.138359;0.011434,0.137093
0.011434,0.137093;0.011400,0.136563
0.011783,0.136045;0.012615,0.135271
0.011783,0.136045;0.011400,0.136563
0.011407,0.138890;0.011473,0.140156
0.011626,0.140687;0.011912,0.141953
0.011626,0.140687;0.011473,0.140156
0.012012,0.142283;0.011912,0.141953
0.016547,0.138058;0.016858,0.138359
0.016547,0.138058;0.016208,0.137720
0.017050,0.138558;0.018005,0.139526
0.017050,0.138558;0.016858,0.138359
0.018325,0.139858;0.018005,0.139526
0.018325,0.139858;0.018616,0.140156
0.018826,0.140399;0.019802,0.141498
0.018826,0.140399;0.018616,0.140156
0.012478,0.143750;0.012615,0.144203
0.012615,0.144203;0.012799,0.144963
0.012799,0.144963;0.012958,0.145547
0.012012,0.142283;0.012408,0.143550
0.012478,0.143750;0.012408,0.143550
0.023614,0.145547;0.023621,0.145553
0.025819,0.147051;0.025193,0.146710
0.025193,0.146710;0.023926,0.145790
0.023614,0.145547;0.023396,0.145359
0.023396,0.145359;0.023389,0.145353
0.023389,0.145353;0.023041,0.145017
0.021733,0.143750;0.021781,0.143800
0.021781,0.143800;0.023041,0.145017
0.021234,0.161577;0.021599,0.161676
0.021599,0.161676;0.021752,0.161719
0.021752,0.161719;0.022661,0.161960
0.022661,0.161960;0.023396,0.162176
0.014399,0.152734;0.014412,0.152792
0.014412,0.152792;0.014620,0.153783
0.014620,0.153783;0.014778,0.154531
0.014399,0.152734;0.014298,0.152331
0.013900,0.149671;0.014090,0.150938
0.014117,0.151064;0.014298,0.152331
0.014117,0.151064;0.014090,0.150938
0.014953,0.155062;0.015412,0.156328
0.014953,0.155062;0.014778,0.154531
0.016013,0.158125;0.016208,0.158400
0.016208,0.158400;0.016638,0.158989
0.016638,0.158989;0.017499,0.159922
0.015559,0.156737;0.015971,0.158003
0.015559,0.156737;0.015412,0.156328
0.016013,0.158125;0.015971,0.158003
0.017601,0.160025;0.018005,0.160343
0.018536,0.160674;0.018005,0.160343
0.017601,0.160025;0.017499,0.159922
0.018536,0.160674;0.019802,0.161130
0.021234,0.161577;0.019802,0.161130
0.032442,0.161763;0.032588,0.161719
0.031114,0.162434;0.032380,0.161788
0.029317,0.162959;0.030583,0.162761
0.029317,0.162959;0.028787,0.163046
0.027520,0.162970;0.028787,0.163046
0.027520,0.162970;0.026990,0.162958
0.025723,0.162705;0.026990,0.162958
0.025723,0.162705;0.025193,0.162626
0.023926,0.162284;0.025193,0.162626
0.023926,0.162284;0.023396,0.162176
0.050879,0.143250;0.052146,0.143388
0.052676,0.143487;0.053698,0.143692
0.052676,0.143487;0.052146,0.143388
0.056270,0.144407;0.057537,0.144719
0.056270,0.144407;0.055740,0.144316
0.058067,0.144781;0.057537,0.144719
0.054014,0.143758;0.053980,0.143750
0.053980,0.143750;0.053943,0.143742
0.053943,0.143742;0.053698,0.143692
0.055740,0.144316;0.054473,0.143887
0.054473,0.143887;0.054014,0.143758
0.049083,0.143102;0.050349,0.143184
0.049083,0.143102;0.048552,0.143059
0.050879,0.143250;0.050349,0.143184
0.043692,0.142759;0.044958,0.142882
0.047286,0.143020;0.048552,0.143059
0.047286,0.143020;0.046755,0.142988
0.045489,0.142925;0.046755,0.142988
0.045489,0.142925;0.044958,0.142882
0.030134,0.138359;0.030583,0.138707
0.030583,0.138707;0.031114,0.139004
0.031114,0.139004;0.032380,0.139657
0.029317,0.137755;0.030106,0.138338
0.030134,0.138359;0.030106,0.138338
0.033548,0.140156;0.034177,0.140389
0.034177,0.140389;0.034708,0.140551
0.034708,0.140551;0.035974,0.140915
0.032911,0.139886;0.033487,0.140129
0.033548,0.140156;0.033487,0.140129
0.032911,0.139886;0.032380,0.139657
0.036504,0.141100;0.037771,0.141480
0.036504,0.141100;0.035974,0.140915
0.039417,0.141953;0.039568,0.141995
0.039568,0.141995;0.040098,0.142098
0.040098,0.142098;0.041365,0.142389
0.043692,0.142759;0.043162,0.142698
0.041895,0.142473;0.043162,0.142698
0.041895,0.142473;0.041365,0.142389
0.039417,0.141953;0.039204,0.141886
0.038301,0.141619;0.039204,0.141886
0.038301,0.141619;0.037771,0.141480
0.038257,0.150444;0.038954,0.150938
0.038954,0.150938;0.038954,0.151468
0.038954,0.151468;0.039418,0.152734
0.039462,0.152851;0.039568,0.153340
0.039462,0.152851;0.039418,0.152734
0.039860,0.153754;0.040307,0.154531
0.039860,0.155308;0.040307,0.154531
0.039860,0.153754;0.039568,0.153340
0.036504,0.149597;0.037771,0.150105
0.035154,0.149241;0.035974,0.149506
0.036504,0.149597;0.035974,0.149506
0.038257,0.150444;0.037771,0.150105
0.029317,0.137755;0.028787,0.137390
0.026355,0.147344;0.026990,0.147656
0.026990,0.147656;0.026998,0.147659
0.026355,0.147344;0.026350,0.147341
0.026350,0.147341;0.025819,0.147051
0.023926,0.145790;0.023621,0.145553
0.027520,0.147848;0.028787,0.148294
0.027520,0.147848;0.026998,0.147659
0.039462,0.156212;0.039568,0.155722
0.039860,0.155308;0.039568,0.155722
0.039462,0.156212;0.039418,0.156328
0.039418,0.156328;0.039418,0.156858
0.039418,0.156858;0.038954,0.158125
0.038954,0.158125;0.038257,0.158619
0.038257,0.158619;0.037771,0.159189
0.037771,0.159189;0.036702,0.159922
0.033057,0.161522;0.034177,0.161053
0.033057,0.161522;0.032588,0.161719
0.032442,0.161763;0.032380,0.161788
0.034708,0.161053;0.035974,0.160319
0.034708,0.161053;0.034177,0.161053
0.036504,0.160037;0.036643,0.159974
0.036504,0.160037;0.035974,0.160319
0.036702,0.159922;0.036643,0.159974
0.034469,0.149044;0.034916,0.149141
0.032911,0.148923;0.034177,0.148937
0.032911,0.148923;0.032380,0.148838
0.035154,0.149241;0.034916,0.149141
0.034469,0.149044;0.034177,0.148937
0.031114,0.148708;0.032380,0.148838
0.031114,0.148708;0.030583,0.148657
0.029317,0.148393;0.030583,0.148657
0.029317,0.148393;0.028787,0.148294
0.031114,0.162434;0.030583,0.162761
0.019952,0.046719;0.019963,0.046673
0.019952,0.046719;0.019802,0.047075
0.019802,0.047075;0.019793,0.047100
0.019793,0.047100;0.019740,0.047249
0.019210,0.048516;0.019740,0.047249
0.012677,0.051714;0.013671,0.052109
0.010443,0.050313;0.010818,0.050391
0.010818,0.050391;0.010828,0.050399
0.011348,0.050878;0.012615,0.051663
0.014139,0.052392;0.014412,0.052489
0.014412,0.052489;0.015245,0.052392
0.018275,0.050328;0.018286,0.050313
0.018286,0.050313;0.018851,0.049315
0.018851,0.049315;0.019003,0.049046
0.006891,0.054437;0.006969,0.055703
0.007499,0.051677;0.007224,0.052041
0.007224,0.052041;0.007196,0.052109
0.007196,0.052109;0.006943,0.053376
0.006943,0.053376;0.006855,0.053906
0.006990,0.056233;0.007085,0.057500
0.007224,0.060666;0.007171,0.059297
0.007171,0.059297;0.007169,0.058854
0.007169,0.058854;0.007085,0.057500
0.007504,0.071875;0.007460,0.070608
0.007460,0.070608;0.007436,0.070078
0.007436,0.070078;0.007390,0.068896
0.007390,0.068896;0.007382,0.068281
0.007382,0.068281;0.007350,0.067158
0.007350,0.067158;0.007342,0.066484
0.007342,0.066484;0.007337,0.065434
0.007337,0.065434;0.007336,0.064688
0.007336,0.064688;0.007318,0.063641
0.007318,0.063641;0.007294,0.062891
0.007294,0.062891;0.007272,0.062108
0.007272,0.062108;0.007246,0.061094
0.007246,0.061094;0.007237,0.060929
0.007237,0.060929;0.007227,0.060741
0.007227,0.060741;0.007224,0.060666
0.021036,0.000530;0.021418,0.001797
0.021036,0.000530;0.020863,0.000000
0.021524,0.002103;0.021599,0.002329
0.021524,0.002103;0.021418,0.001797
0.021677,0.002553;0.022018,0.003594
0.021677,0.002553;0.021599,0.002329
0.022206,0.004124;0.022018,0.003594
0.031932,0.000530;0.031981,0.001797
0.032015,0.002327;0.032097,0.003594
0.032015,0.002327;0.031981,0.001797
0.032150,0.004124;0.032277,0.005391
0.032150,0.004124;0.032097,0.003594
0.031932,0.000530;0.031910,0.000000
0.025495,0.013108;0.026030,0.014375
0.025495,0.013108;0.025269,0.012578
0.032415,0.006255;0.032597,0.007187
0.032415,0.006255;0.032380,0.006082
0.032330,0.005748;0.032380,0.006082
0.032330,0.005748;0.032277,0.005391
0.022206,0.004124;0.022612,0.005391
0.023295,0.007399;0.023396,0.007673
0.023295,0.007399;0.023213,0.007187
0.022796,0.005921;0.023213,0.007187
0.022796,0.005921;0.022612,0.005391
0.025221,0.012455;0.025269,0.012578
0.024730,0.011244;0.025193,0.012388
0.023516,0.007992;0.023863,0.008984
0.024063,0.009515;0.024520,0.010781
0.024063,0.009515;0.023863,0.008984
0.023516,0.007992;0.023396,0.007673
0.025221,0.012455;0.025193,0.012388
0.024730,0.011244;0.024520,0.010781
0.026230,0.014905;0.026715,0.016172
0.026790,0.016407;0.026715,0.016172
0.026230,0.014905;0.026030,0.014375
0.026790,0.016407;0.026990,0.016974
0.004184,0.009515;0.004678,0.010781
0.003727,0.008465;0.003958,0.008984
0.004184,0.009515;0.003958,0.008984
0.004887,0.011293;0.005351,0.012560
0.004887,0.011293;0.004678,0.010781
0.002584,0.005921;0.003159,0.007187
0.002584,0.005921;0.002360,0.005391
0.003296,0.007503;0.003630,0.008250
0.003296,0.007503;0.003159,0.007187
0.003727,0.008465;0.003630,0.008250
0.000000,0.000000;0.000037,0.000080
0.000037,0.000080;0.000281,0.000696
0.000281,0.000696;0.000742,0.001797
0.002003,0.004627;0.002360,0.005391
0.001591,0.003735;0.001833,0.004238
0.000963,0.002327;0.001526,0.003594
0.000963,0.002327;0.000742,0.001797
0.001591,0.003735;0.001526,0.003594
0.002003,0.004627;0.001833,0.004238
0.005359,0.012578;0.005427,0.012759
0.005427,0.012759;0.005641,0.013310
0.005641,0.013310;0.006033,0.014375
0.005359,0.012578;0.005351,0.012560
0.006224,0.014905;0.006635,0.016172
0.006224,0.014905;0.006033,0.014375
0.006761,0.016497;0.007193,0.017764
0.007398,0.018297;0.007275,0.017969
0.007275,0.017969;0.007224,0.017842
0.007224,0.017842;0.007193,0.017764
0.007912,0.019766;0.007506,0.018587
0.007506,0.018587;0.007398,0.018297
0.006761,0.016497;0.006635,0.016172
0.009081,0.023467;0.009047,0.023359
0.009047,0.023359;0.009021,0.023285
0.009021,0.023285;0.008919,0.022992
0.008571,0.021725;0.008516,0.021563
0.008107,0.020296;0.008516,0.021563
0.008107,0.020296;0.007912,0.019766
0.008571,0.021725;0.008919,0.022992
0.009081,0.023467;0.009315,0.024308
0.009315,0.024308;0.009532,0.025156
0.009672,0.025687;0.009954,0.026953
0.009672,0.025687;0.009532,0.025156
0.010050,0.027314;0.010314,0.028581
0.010050,0.027314;0.009954,0.026953
0.010504,0.029758;0.010592,0.030547
0.010504,0.029758;0.010358,0.028750
0.010358,0.028750;0.010314,0.028581
0.010658,0.031784;0.010662,0.032344
0.010658,0.031784;0.010592,0.030547
0.033438,0.011312;0.033730,0.012578
0.032709,0.007718;0.032951,0.008984
0.033062,0.009515;0.032951,0.008984
0.033062,0.009515;0.033310,0.010781
0.033438,0.011312;0.033310,0.010781
0.033875,0.013067;0.034177,0.014091
0.033875,0.013067;0.033730,0.012578
0.034192,0.014132;0.034277,0.014375
0.034192,0.014132;0.034177,0.014091
0.032709,0.007718;0.032597,0.007187
0.027085,0.017269;0.026990,0.016974
0.037457,0.021824;0.037771,0.022443
0.037457,0.021824;0.037300,0.021563
0.037937,0.022712;0.038280,0.023359
0.036744,0.020296;0.037300,0.021563
0.036114,0.019011;0.036511,0.019766
0.036744,0.020296;0.036511,0.019766
0.036114,0.019011;0.035974,0.018743
0.037937,0.022712;0.037771,0.022443
0.038588,0.023890;0.039285,0.025156
0.038588,0.023890;0.038280,0.023359
0.035109,0.016702;0.035591,0.017969
0.034463,0.014905;0.034911,0.016172
0.034463,0.014905;0.034277,0.014375
0.035723,0.018232;0.035974,0.018743
0.035723,0.018232;0.035591,0.017969
0.035109,0.016702;0.034911,0.016172
0.027085,0.017269;0.027331,0.017969
0.027449,0.018499;0.027745,0.019766
0.027449,0.018499;0.027331,0.017969
0.027791,0.020296;0.027911,0.021563
0.027898,0.023359;0.027918,0.022093
0.027918,0.022093;0.027911,0.021563
0.027840,0.025156;0.027897,0.023890
0.027898,0.023359;0.027897,0.023890
0.027791,0.020296;0.027745,0.019766
0.027755,0.026953;0.027823,0.025687
0.027840,0.025156;0.027823,0.025687
0.027509,0.028750;0.027717,0.027483
0.027755,0.026953;0.027717,0.027483
0.039340,0.025240;0.039568,0.025594
0.039864,0.026041;0.039568,0.025594
0.039340,0.025240;0.039285,0.025156
0.027509,0.028750;0.027459,0.029280
0.030241,0.034141;0.029184,0.033887
0.029184,0.033887;0.028823,0.033744
0.030241,0.034141;0.030336,0.034167
0.030336,0.034167;0.030583,0.034294
0.030583,0.034294;0.030691,0.034925
0.030744,0.035455;0.030839,0.035938
0.030742,0.037211;0.030744,0.037181
0.030744,0.037181;0.030839,0.035938
0.030744,0.035455;0.030691,0.034925
0.030578,0.038177;0.030583,0.038171
0.030583,0.038171;0.030694,0.037734
0.030694,0.037734;0.030720,0.037446
0.030720,0.037446;0.030742,0.037211
0.039864,0.026041;0.040462,0.026953
0.040696,0.027296;0.040462,0.026953
0.041365,0.028345;0.040763,0.027403
0.040763,0.027403;0.040696,0.027296
0.026902,0.032344;0.026990,0.032115
0.026990,0.032115;0.027151,0.030702
0.027151,0.030702;0.027177,0.030547
0.027177,0.030547;0.027459,0.029280
0.026902,0.032344;0.026990,0.032448
0.027350,0.032704;0.026990,0.032448
0.027350,0.032704;0.028787,0.033723
0.028787,0.033723;0.028823,0.033744
0.010818,0.032936;0.010662,0.032344
0.012615,0.035089;0.011484,0.034169
0.011484,0.034169;0.011451,0.034141
0.010818,0.032936;0.011318,0.033916
0.013371,0.035013;0.014412,0.034895
0.013371,0.035013;0.012615,0.035089
0.011451,0.034141;0.011318,0.033916
0.015587,0.034141;0.016208,0.033742
0.015587,0.034141;0.014412,0.034895
0.023396,0.033986;0.021861,0.032344
0.021861,0.032344;0.021839,0.032336
0.021839,0.032336;0.021599,0.032269
0.021599,0.032269;0.020389,0.032179
0.020333,0.032175;0.020389,0.032179
0.016907,0.033442;0.017156,0.033303
0.017156,0.033303;0.018005,0.032696
0.018005,0.032696;0.018956,0.032344
0.018956,0.032344;0.019792,0.032162
0.019792,0.032162;0.019802,0.032158
0.020333,0.032175;0.019802,0.032158
0.016907,0.033442;0.016288,0.033721
0.016288,0.033721;0.016208,0.033742
0.023396,0.033986;0.023407,0.034000
0.023457,0.034141;0.023396,0.034183
0.023396,0.034183;0.023236,0.034299
0.023236,0.034299;0.022852,0.034671
0.023457,0.034141;0.023407,0.034000
0.021705,0.035938;0.021746,0.035877
0.021746,0.035877;0.022852,0.034671
0.021705,0.035938;0.021599,0.036042
0.021599,0.036042;0.021561,0.036083
0.021561,0.036083;0.021295,0.036468
0.020067,0.038566;0.020358,0.037734
0.020358,0.037734;0.021295,0.036468
0.020067,0.038566;0.019931,0.039096
0.019931,0.039096;0.019802,0.039494
0.019802,0.039494;0.019792,0.039531
0.019792,0.039531;0.019802,0.039701
0.019802,0.039701;0.019891,0.040963
0.020021,0.041693;0.019934,0.041328
0.019934,0.041328;0.019891,0.040963
0.020021,0.041693;0.020121,0.042108
0.020121,0.042108;0.020327,0.043125
0.020327,0.043125;0.020298,0.043655
0.020298,0.043655;0.020356,0.044922
0.019210,0.048516;0.019003,0.049046
0.020092,0.046143;0.020356,0.044922
0.020092,0.046143;0.019963,0.046673
0.010443,0.050313;0.010404,0.050304
0.010404,0.050304;0.009873,0.050169
0.011348,0.050878;0.010828,0.050399
0.014139,0.052392;0.013671,0.052109
0.012677,0.051714;0.012615,0.051663
0.008741,0.050169;0.009021,0.049968
0.009021,0.049968;0.009873,0.050169
0.008741,0.050169;0.008547,0.050313
0.007499,0.051677;0.008547,0.050313
0.016567,0.052109;0.016208,0.052371
0.016208,0.052371;0.015775,0.052425
0.015775,0.052425;0.015743,0.052423
0.015743,0.052423;0.015245,0.052392
0.006891,0.054437;0.006855,0.053906
0.006990,0.056233;0.006969,0.055703
0.059864,0.055000;0.061130,0.055644
0.061177,0.055671;0.061234,0.055703
0.052341,0.049908;0.052728,0.050313
0.053063,0.050595;0.053943,0.051337
0.054248,0.051585;0.054897,0.052109
0.054248,0.051585;0.053943,0.051337
0.053063,0.050595;0.052728,0.050313
0.052341,0.049908;0.052146,0.049705
0.055123,0.052253;0.055740,0.052646
0.055123,0.052253;0.054897,0.052109
0.056270,0.053001;0.055740,0.052646
0.056270,0.053001;0.057537,0.053842
0.057582,0.053874;0.057633,0.053906
0.057582,0.053874;0.057537,0.053842
0.058117,0.054152;0.059333,0.054742
0.058117,0.054152;0.057633,0.053906
0.090284,0.075999;0.090970,0.077266
0.089904,0.075323;0.089973,0.075469
0.089037,0.074161;0.089880,0.075282
0.085038,0.068812;0.085753,0.070078
0.085956,0.070626;0.086287,0.071150
0.086287,0.071150;0.087063,0.071875
0.087063,0.071875;0.087604,0.072347
0.087604,0.072347;0.088083,0.072895
0.085956,0.070626;0.085753,0.070078
0.088126,0.072953;0.088550,0.073672
0.091166,0.077602;0.091677,0.078470
0.091166,0.077602;0.090970,0.077266
0.090284,0.075999;0.089973,0.075469
0.091738,0.078665;0.091873,0.079063
0.091738,0.078665;0.091677,0.078470
0.091981,0.079593;0.091873,0.079063
0.092326,0.081390;0.092508,0.082656
0.092326,0.081390;0.092248,0.080859
0.092591,0.083187;0.092792,0.084453
0.092591,0.083187;0.092508,0.082656
0.091981,0.079593;0.092248,0.080859
0.089904,0.075323;0.089880,0.075282
0.089037,0.074161;0.088550,0.073672
0.088126,0.072953;0.088083,0.072895
0.081651,0.063939;0.082693,0.064562
0.082693,0.064562;0.082879,0.064688
0.082879,0.064688;0.083277,0.065218
0.083277,0.065218;0.084173,0.066484
0.084345,0.066877;0.084173,0.066484
0.084559,0.067563;0.084775,0.068281
0.084559,0.067563;0.084490,0.067425
0.084345,0.066877;0.084490,0.067425
0.079307,0.062568;0.080030,0.062891
0.080353,0.063105;0.080896,0.063461
0.081651,0.063939;0.080896,0.063461
0.080353,0.063105;0.080030,0.062891
0.079307,0.062568;0.079099,0.062470
0.076036,0.061365;0.077302,0.061767
0.076036,0.061365;0.075505,0.061191
0.074095,0.060764;0.075208,0.061094
0.075352,0.061141;0.075505,0.061191
0.075352,0.061141;0.075208,0.061094
0.070645,0.059690;0.071912,0.060111
0.070645,0.059690;0.070115,0.059502
0.074095,0.060764;0.073708,0.060652
0.072442,0.060268;0.073708,0.060652
0.072442,0.060268;0.071912,0.060111
0.077833,0.061978;0.079099,0.062470
0.077833,0.061978;0.077302,0.061767
0.085038,0.068812;0.084775,0.068281
0.067051,0.058259;0.068318,0.058783
0.069753,0.059371;0.070115,0.059502
0.068666,0.058933;0.069571,0.059297
0.069753,0.059371;0.069571,0.059297
0.068666,0.058933;0.068318,0.058783
0.067051,0.058259;0.066521,0.058034
0.064910,0.057332;0.065272,0.057500
0.065616,0.057655;0.066521,0.058034
0.065616,0.057655;0.065272,0.057500
0.064910,0.057332;0.064724,0.057245
0.063458,0.056689;0.064724,0.057245
0.063458,0.056689;0.062927,0.056472
0.061718,0.055929;0.062927,0.056472
0.061718,0.055929;0.061234,0.055703
0.061177,0.055671;0.061130,0.055644
0.059864,0.055000;0.059333,0.054742
0.007736,0.083187;0.007793,0.084453
0.007812,0.084983;0.007912,0.086250
0.007912,0.086250;0.007875,0.086780
0.016156,0.086250;0.016055,0.086629
0.016055,0.086629;0.015669,0.088047
0.015669,0.088047;0.015499,0.088577
0.016156,0.086250;0.016018,0.084983
0.016018,0.084983;0.015908,0.084453
0.015147,0.089844;0.015499,0.088577
0.015147,0.089844;0.015058,0.090374
0.014930,0.091641;0.015058,0.090374
0.014930,0.091641;0.014893,0.092171
0.014893,0.092171;0.014906,0.093438
0.007812,0.084983;0.007793,0.084453
0.007224,0.091144;0.007537,0.089844
0.007537,0.089844;0.007714,0.088741
0.007714,0.088741;0.007835,0.088047
0.007835,0.088047;0.007875,0.086780
0.007224,0.091144;0.007196,0.091277
0.007196,0.091277;0.007136,0.091641
0.007136,0.091641;0.007079,0.092907
0.007079,0.092907;0.007074,0.093438
0.007224,0.095678;0.007192,0.095234
0.007192,0.095234;0.007179,0.095055
0.007179,0.095055;0.007074,0.093438
0.014924,0.093968;0.015016,0.095234
0.014924,0.093968;0.014906,0.093438
0.007224,0.095678;0.007282,0.096228
0.007282,0.096228;0.007335,0.097031
0.007335,0.097031;0.007392,0.097609
0.007392,0.097609;0.007452,0.098828
0.007452,0.098828;0.007514,0.099358
0.007514,0.099358;0.007636,0.100625
0.014995,0.097031;0.015022,0.095765
0.015022,0.095765;0.015016,0.095234
0.014928,0.098828;0.014991,0.097562
0.014995,0.097031;0.014991,0.097562
0.014800,0.100625;0.014894,0.099358
0.014928,0.098828;0.014894,0.099358
0.014625,0.104219;0.014628,0.105150
0.014628,0.105150;0.014705,0.106016
0.014705,0.106016;0.014786,0.106709
0.014786,0.106709;0.014990,0.107813
0.014990,0.107813;0.015076,0.108264
0.008951,0.115630;0.009021,0.115856
0.009021,0.115856;0.009171,0.116797
0.009171,0.116797;0.009202,0.117327
0.009202,0.117327;0.009268,0.118594
0.008951,0.115630;0.008840,0.115000
0.016208,0.111950;0.015985,0.111406
0.015985,0.111406;0.015555,0.110140
0.015555,0.110140;0.015402,0.109609
0.015092,0.108343;0.015402,0.109609
0.016832,0.113493;0.016697,0.113203
0.016697,0.113203;0.016311,0.112210
0.016311,0.112210;0.016208,0.111950
0.016954,0.113733;0.017571,0.115000
0.016954,0.113733;0.016832,0.113493
0.008337,0.113733;0.008840,0.115000
0.007872,0.111937;0.008213,0.113203
0.007872,0.111937;0.007757,0.111406
0.008337,0.113733;0.008213,0.113203
0.015092,0.108343;0.015076,0.108264
0.007694,0.110140;0.007628,0.109609
0.007628,0.109609;0.007687,0.108343
0.007687,0.108343;0.007670,0.107813
0.007670,0.107813;0.007747,0.106546
0.007694,0.110140;0.007757,0.111406
0.007669,0.101155;0.007743,0.102422
0.007669,0.101155;0.007636,0.100625
0.007763,0.102952;0.007743,0.102422
0.007748,0.106016;0.007778,0.104749
0.007763,0.102952;0.007779,0.104219
0.007779,0.104219;0.007778,0.104749
0.014625,0.104219;0.014626,0.103368
0.014626,0.103368;0.014684,0.102422
0.014684,0.102422;0.014737,0.101342
0.014737,0.101342;0.014793,0.100699
0.014800,0.100625;0.014793,0.100699
0.007748,0.106016;0.007747,0.106546
0.015989,0.074124;0.016208,0.073785
0.016208,0.073785;0.016289,0.073672
0.016289,0.073672;0.016522,0.073220
0.016522,0.073220;0.017086,0.072161
0.007527,0.072405;0.007504,0.071875
0.015989,0.074124;0.015174,0.075469
0.014522,0.076462;0.015174,0.075469
0.014252,0.076931;0.014412,0.076658
0.014522,0.076462;0.014412,0.076658
0.014252,0.076931;0.014086,0.077266
0.014086,0.077266;0.013911,0.077796
0.007527,0.072405;0.007572,0.073672
0.007582,0.074202;0.007607,0.075469
0.007607,0.075469;0.007596,0.075999
0.007596,0.075999;0.007630,0.077266
0.007630,0.077266;0.007628,0.077796
0.007628,0.077796;0.007652,0.079063
0.007582,0.074202;0.007572,0.073672
0.013621,0.079593;0.013885,0.080859
0.015326,0.083187;0.015908,0.084453
0.015326,0.083187;0.015001,0.082656
0.014434,0.081833;0.015001,0.082656
0.014434,0.081833;0.014412,0.081793
0.014136,0.081351;0.014412,0.081793
0.014136,0.081351;0.013885,0.080859
0.007654,0.079593;0.007665,0.080859
0.007684,0.081390;0.007719,0.082656
0.007684,0.081390;0.007665,0.080859
0.013621,0.079593;0.013531,0.079063
0.013531,0.079063;0.013911,0.077796
0.007654,0.079593;0.007652,0.079063
0.007736,0.083187;0.007719,0.082656
0.017778,0.070819;0.018005,0.070366
0.018005,0.070366;0.018158,0.070078
0.018158,0.070078;0.018464,0.069337
0.018464,0.069337;0.018789,0.068582
0.018925,0.068281;0.018789,0.068582
0.017778,0.070819;0.017247,0.071875
0.017247,0.071875;0.017086,0.072161
0.020917,0.061094;0.021146,0.059827
0.021470,0.058534;0.021261,0.059297
0.021261,0.059297;0.021146,0.059827
0.020652,0.062891;0.020823,0.061624
0.020917,0.061094;0.020823,0.061624
0.019792,0.065953;0.019802,0.065923
0.019802,0.065923;0.020226,0.064688
0.020226,0.064688;0.020509,0.063423
0.020509,0.063423;0.020510,0.063419
0.020652,0.062891;0.020510,0.063419
0.019792,0.065953;0.019600,0.066484
0.019600,0.066484;0.019398,0.067015
0.018925,0.068281;0.019398,0.067015
0.046720,0.039531;0.046755,0.039634
0.046755,0.039634;0.046979,0.040300
0.046979,0.040300;0.047360,0.041328
0.046284,0.038121;0.046674,0.039387
0.046284,0.038121;0.046162,0.037734
0.046720,0.039531;0.046674,0.039387
0.047524,0.041858;0.048016,0.043125
0.047524,0.041858;0.047360,0.041328
0.049881,0.046967;0.050349,0.047665
0.049881,0.046967;0.049716,0.046719
0.050573,0.047947;0.051032,0.048516
0.050573,0.047947;0.050349,0.047665
0.051339,0.048843;0.052146,0.049705
0.051339,0.048843;0.051032,0.048516
0.048159,0.043389;0.048552,0.044279
0.048159,0.043389;0.048016,0.043125
0.048712,0.044545;0.048552,0.044279
0.048712,0.044545;0.048900,0.044922
0.049106,0.045452;0.049716,0.046719
0.049106,0.045452;0.048900,0.044922
0.045741,0.036468;0.046162,0.037734
0.044177,0.032847;0.044784,0.034114
0.044797,0.034141;0.044958,0.034528
0.044958,0.034528;0.045196,0.035089
0.045196,0.035089;0.045571,0.035938
0.028697,0.041328;0.028787,0.041177
0.028787,0.041177;0.029254,0.040336
0.029254,0.040336;0.029730,0.039531
0.028104,0.042959;0.028513,0.041692
0.027177,0.046140;0.027505,0.044922
0.027505,0.044922;0.027761,0.043655
0.026977,0.046561;0.026990,0.046513
0.026048,0.048516;0.026602,0.047249
0.025193,0.050190;0.025892,0.048801
0.026048,0.048516;0.025892,0.048801
0.016739,0.051945;0.018005,0.050751
0.016567,0.052109;0.016641,0.052052
0.025193,0.050190;0.025118,0.050313
0.025118,0.050313;0.024982,0.050578
0.024982,0.050578;0.024082,0.052109
0.022392,0.055703;0.022963,0.054437
0.023327,0.053605;0.023173,0.053906
0.023173,0.053906;0.022963,0.054437
0.023327,0.053605;0.023396,0.053484
0.023504,0.053255;0.024082,0.052109
0.023504,0.053255;0.023396,0.053484
0.022392,0.055703;0.022225,0.056150
0.021470,0.058534;0.021599,0.058059
0.021599,0.058059;0.021749,0.057500
0.021749,0.057500;0.022110,0.056466
0.022110,0.056466;0.022225,0.056150
0.041494,0.028532;0.041365,0.028345
0.041494,0.028532;0.041643,0.028750
0.042843,0.030629;0.043162,0.031134
0.041988,0.029280;0.042788,0.030547
0.029793,0.039444;0.030578,0.038177
0.029793,0.039444;0.029730,0.039531
0.042843,0.030629;0.042788,0.030547
0.041988,0.029280;0.041643,0.028750
0.043448,0.031583;0.043162,0.031134
0.044797,0.034141;0.044784,0.034114
0.044177,0.032847;0.043933,0.032344
0.043448,0.031583;0.043933,0.032344
0.045741,0.036468;0.045571,0.035938
0.028697,0.041328;0.028513,0.041692
0.028104,0.042959;0.028015,0.043125
0.028015,0.043125;0.027761,0.043655
0.018275,0.050328;0.018005,0.050751
0.027177,0.046140;0.026990,0.046513
0.026977,0.046561;0.026891,0.046719
0.026891,0.046719;0.026602,0.047249
0.016739,0.051945;0.016641,0.052052
